9.565070802427511065e-01 9.639244774106539015e-01 9.625758597437628072e-01 9.244774106540794012e-01
9.575185434929197603e-01 9.669588671611599739e-01 9.656102494942684356e-01 9.548213081591369056e-01
9.585300067430881921e-01 9.686446392447740639e-01 9.642616318273768972e-01 9.460552933243425722e-01
9.561699258260283329e-01 9.605529332434254997e-01 9.622387053270398116e-01 9.511126095751853970e-01
9.585300067430881921e-01 9.598786244099797305e-01 9.568442346594741021e-01 8.705327039784220844e-01
9.511126095751853970e-01 9.625758597437628072e-01 9.639244774106539015e-01 9.268374915711395934e-01
9.659474039109914312e-01 9.639244774106539015e-01 9.605529332434254997e-01 9.561699258260283329e-01
9.588671611598111877e-01 9.656102494942684356e-01 9.551584625758595681e-01 8.981793661496964010e-01
9.527983816587999311e-01 9.629130141604853588e-01 9.507754551584624014e-01 8.654753877275791485e-01
9.578556979096426449e-01 9.629130141604853588e-01 9.538098449089684738e-01 8.927848954821306915e-01
9.524612272420769354e-01 9.625758597437628072e-01 9.612272420768712688e-01 8.954821308159137683e-01
9.565070802427511065e-01 9.635873229939312390e-01 9.308833445718140975e-01 8.819959541469992725e-01
9.585300067430881921e-01 9.632501685772083544e-01 9.642616318273768972e-01 9.592043155765340723e-01
9.470667565745112260e-01 9.430209035738368328e-01 9.554956169925825638e-01 9.517869184086311662e-01
9.598786244099797305e-01 9.659474039109914312e-01 9.629130141604853588e-01 9.399865138233310935e-01
9.490896830748483115e-01 9.602157788267027261e-01 9.693189480782198331e-01 9.221173297370197641e-01
9.538098449089684738e-01 9.659474039109914312e-01 9.683074848280510682e-01 9.470667565745112260e-01
9.568442346594741021e-01 9.595414699932567348e-01 9.551584625758595681e-01 9.615643964935942645e-01
9.511126095751853970e-01 9.605529332434254997e-01 9.649359406608226664e-01 9.554956169925825638e-01
9.507754551584624014e-01 9.447066756574511448e-01 9.615643964935942645e-01 9.160485502360080634e-01
9.470667565745112260e-01 9.484153742414027644e-01 9.534726904922454782e-01 9.504383007417397389e-01
9.474039109912339995e-01 9.568442346594741021e-01 9.625758597437628072e-01 9.501011463250168543e-01
9.477410654079567731e-01 9.541469993256910254e-01 9.575185434929197603e-01 9.517869184086311662e-01
9.440323668240055976e-01 9.487525286581254269e-01 9.531355360755225936e-01 9.477410654079567731e-01
9.470667565745112260e-01 9.538098449089684738e-01 9.615643964935942645e-01 9.393122049898854353e-01
9.467296021577882303e-01 9.527983816587999311e-01 9.376264329062709013e-01 9.585300067430881921e-01
9.430209035738368328e-01 9.477410654079567731e-01 9.598786244099797305e-01 9.069453809844907344e-01
9.501011463250168543e-01 9.527983816587999311e-01 9.622387053270398116e-01 9.167228590694538326e-01
9.339177343223197258e-01 9.366149696561023585e-01 9.497639919082938587e-01 9.554956169925825638e-01
9.453809844908966920e-01 9.460552933243425722e-01 9.568442346594741021e-01 9.383007417397168926e-01
9.396493594066084309e-01 9.396493594066084309e-01 9.531355360755225936e-01 9.298718813216453327e-01
9.288604180714765679e-01 9.278489548213080251e-01 9.504383007417397389e-01 9.332434254888737346e-01
9.376264329062709013e-01 9.379635873229938969e-01 9.349291975724882686e-01 9.356035064059339268e-01
9.450438300741736963e-01 9.457181389076196876e-01 9.534726904922454782e-01 9.551584625758595681e-01
9.278489548213080251e-01 9.275118004045850295e-01 9.291975724881995635e-01 9.548213081591369056e-01
9.339177343223197258e-01 9.325691166554281875e-01 9.268374915711395934e-01 9.581928523263656405e-01
9.275118004045850295e-01 9.281861092380310208e-01 9.305461901550911019e-01 9.450438300741736963e-01
9.204315576534052301e-01 9.211058664868509993e-01 9.180714767363452600e-01 9.490896830748483115e-01
9.180714767363452600e-01 9.194200944032366873e-01 9.089683074848282640e-01 9.460552933243425722e-01
9.197572488199595719e-01 9.200944032366822345e-01 9.221173297370197641e-01 9.093054619015509266e-01
8.948078219824679991e-01 8.951449763991907727e-01 8.937963587322992343e-01 9.042481456507081017e-01
8.951449763991907727e-01 8.958192852326367639e-01 8.927848954821306915e-01 8.695212407282537637e-01
8.968307484828053067e-01 8.968307484828053067e-01 8.917734322319622597e-01 9.227916385704653113e-01
8.806473364801077341e-01 8.803101820633851826e-01 8.749157113958192511e-01 9.012137559002020293e-01
8.880647336480107512e-01 8.884018880647335248e-01 8.860418071476736657e-01 9.035738368172623325e-01
8.587322993931219006e-01 8.587322993931219006e-01 8.560350640593392679e-01 8.678354686446392297e-01
8.267026298044504173e-01 8.253540121375591010e-01 8.145650708024272380e-01 8.044504383007418102e-01
8.300741739716792633e-01 8.304113283884018148e-01 8.297370195549562677e-01 8.449089683074848534e-01
8.095077545515845241e-01 8.095077545515845241e-01 8.074848280512474386e-01 7.751180040458528486e-01
8.081591368846934298e-01 8.084962913014159813e-01 8.024275118004047247e-01 7.626432906271071177e-01
