9.625758597437628072e-01 9.558327714093055594e-01 9.490896830748483115e-01 8.968307484828053067e-01
9.595414699932567348e-01 9.676331759946055211e-01 9.629130141604853588e-01 8.850303438975049009e-01
9.538098449089684738e-01 9.659474039109914312e-01 9.639244774106539015e-01 9.598786244099797305e-01
9.497639919082938587e-01 9.477410654079567731e-01 9.450438300741736963e-01 9.511126095751853970e-01
9.571813890761970978e-01 9.605529332434254997e-01 9.635873229939312390e-01 9.625758597437628072e-01
9.568442346594741021e-01 9.686446392447740639e-01 9.652730950775454399e-01 9.136884693189480933e-01
9.672960215778825255e-01 9.706675657451112604e-01 9.652730950775454399e-01 9.467296021577882303e-01
9.602157788267027261e-01 9.608900876601482732e-01 9.578556979096426449e-01 9.608900876601482732e-01
9.592043155765340723e-01 9.652730950775454399e-01 9.551584625758595681e-01 9.180714767363452600e-01
9.531355360755225936e-01 9.541469993256910254e-01 9.612272420768712688e-01 9.099797707349963627e-01
9.504383007417397389e-01 9.554956169925825638e-01 9.524612272420769354e-01 9.497639919082938587e-01
9.531355360755225936e-01 9.629130141604853588e-01 9.605529332434254997e-01 9.501011463250168543e-01
9.571813890761970978e-01 9.598786244099797305e-01 9.595414699932567348e-01 8.759271746459880159e-01
9.527983816587999311e-01 9.615643964935942645e-01 9.453809844908966920e-01 9.477410654079567731e-01
9.612272420768712688e-01 9.642616318273768972e-01 9.585300067430881921e-01 9.416722859069454055e-01
9.527983816587999311e-01 9.581928523263656405e-01 9.558327714093055594e-01 9.581928523263656405e-01
9.504383007417397389e-01 9.524612272420769354e-01 9.612272420768712688e-01 9.585300067430881921e-01
9.598786244099797305e-01 9.652730950775454399e-01 9.639244774106539015e-01 9.602157788267027261e-01
9.453809844908966920e-01 9.453809844908966920e-01 9.581928523263656405e-01 9.588671611598111877e-01
9.541469993256910254e-01 9.632501685772083544e-01 9.521240728253539398e-01 9.453809844908966920e-01
9.457181389076196876e-01 9.585300067430881921e-01 9.656102494942684356e-01 9.332434254888737346e-01
9.436952124072826020e-01 9.534726904922454782e-01 9.656102494942684356e-01 9.015509103169250249e-01
9.423465947403910636e-01 9.527983816587999311e-01 9.548213081591369056e-01 9.362778152393793629e-01
9.497639919082938587e-01 9.581928523263656405e-01 9.578556979096426449e-01 9.561699258260283329e-01
9.480782198246797687e-01 9.541469993256910254e-01 9.028995279838165633e-01 9.645987862440998928e-01
9.430209035738368328e-01 9.517869184086311662e-01 9.450438300741736963e-01 9.619015509103169270e-01
9.430209035738368328e-01 9.467296021577882303e-01 9.575185434929197603e-01 9.463924477410652347e-01
9.406608226567769737e-01 9.440323668240055976e-01 9.615643964935942645e-01 9.619015509103169270e-01
9.420094403236680680e-01 9.447066756574511448e-01 9.416722859069454055e-01 9.527983816587999311e-01
9.463924477410652347e-01 9.440323668240055976e-01 9.447066756574511448e-01 8.600809170600134390e-01
9.406608226567769737e-01 9.416722859069454055e-01 9.453809844908966920e-01 9.524612272420769354e-01
9.393122049898854353e-01 9.413351314902225209e-01 9.470667565745112260e-01 9.308833445718140975e-01
9.396493594066084309e-01 9.399865138233310935e-01 9.426837491571140593e-01 9.288604180714765679e-01
9.362778152393793629e-01 9.383007417397168926e-01 9.369521240728253542e-01 9.571813890761970978e-01
9.345920431557652730e-01 9.359406608226568114e-01 9.369521240728253542e-01 8.863789615643964392e-01
9.305461901550911019e-01 9.312204989885367601e-01 9.393122049898854353e-01 9.494268374915713071e-01
9.177343223196225974e-01 9.180714767363452600e-01 9.113283884018879011e-01 9.585300067430881921e-01
9.136884693189480933e-01 9.140256237356709779e-01 9.143627781523939735e-01 9.362778152393793629e-01
9.150370869858395206e-01 9.157113958192850678e-01 9.146999325691165250e-01 9.362778152393793629e-01
9.150370869858395206e-01 9.143627781523939735e-01 9.109912339851652385e-01 9.426837491571140593e-01
9.079568442346594992e-01 9.089683074848282640e-01 9.032366824005395589e-01 9.379635873229938969e-01
8.991908293998651658e-01 8.988536749831423922e-01 8.948078219824679991e-01 9.383007417397168926e-01
8.833445718138908109e-01 8.833445718138908109e-01 8.833445718138908109e-01 9.261631827376939352e-01
8.857046527309508921e-01 8.867161159811194349e-01 8.796358732299391914e-01 9.366149696561023585e-01
8.691840863115307680e-01 8.691840863115307680e-01 8.678354686446392297e-01 8.772757923128793323e-01
8.718813216453134007e-01 8.712070128118678536e-01 8.681726230613622253e-01 8.931220498988536871e-01
8.452461227242078490e-01 8.452461227242078490e-01 8.422117329737019986e-01 8.641267700606878321e-01
8.243425488873905582e-01 8.219824679703304771e-01 8.142279163857046864e-01 8.128792987188131480e-01
8.412002697235332338e-01 8.408631153068106823e-01 8.358057990559675243e-01 8.223196223870532506e-01
8.196223870532703959e-01 8.189480782198244047e-01 8.165879973027647676e-01 7.896156439649358871e-01
