1.075565164418770678e-04 1.821712581251085420e-04
4.464868757483906421e-04 3.965190362579545762e-03
5.570455393736809631e-04 4.360555998550013843e-03
1.253769556284131453e-03 7.054130626216969374e-03
8.344452762657937270e-03 3.235740725552288533e-02
8.394895429555692540e-03 3.341272873994662745e-02
8.499603072728461814e-03 3.523853780417125076e-02
8.790613123001117177e-03 4.626707359964586652e-02
9.981137425569738472e-03 5.490688093374719581e-02
1.339984880279929645e-02 1.668796234934293021e-01
1.606972793324093485e-02 1.852170091847124556e-01
2.486710700444039884e-02 2.205310726774595276e-01
2.840470686409245216e-02 2.299162974338067877e-01
3.208848077627206308e-02 2.358920690011479804e-01
3.726234147953372960e-02 2.428900730256920992e-01
3.777409448725990715e-02 2.506390764755030420e-01
3.801145286956632285e-02 2.515669354860947671e-01
3.847293076077912960e-02 2.542393743026722386e-01
4.074427534914069893e-02 2.622254376286602962e-01
4.106161366082525244e-02 2.638789773661644467e-01
4.564219089681970792e-02 2.874025272989889634e-01
7.575732623657491227e-02 3.283084385213875800e-01
8.614760695945083979e-02 3.745709435571290546e-01
1.035490851953189406e-01 4.386815939817959031e-01
1.051391405086412184e-01 4.627442023283017125e-01
1.061802869193121251e-01 4.746377380993430095e-01
1.064202903534349209e-01 4.770140094674888975e-01
1.064622069385592201e-01 4.774037532154993269e-01
1.066690055030647399e-01 4.778007275051465164e-01
1.074843077269859171e-01 5.005462528118203025e-01
1.078992632360893794e-01 5.013800482673480552e-01
1.080555058806353108e-01 5.023620997688215128e-01
1.087059683296326407e-01 5.043991068349094054e-01
1.095109904200547019e-01 5.095146618120500737e-01
1.101816137981603688e-01 5.189070738216607914e-01
1.119058923247971266e-01 5.231583967373693023e-01
1.124952464421994924e-01 5.264839990376561918e-01
1.129947170141952922e-01 5.288547474524968317e-01
1.154760994327115459e-01 5.409820747516550510e-01
1.172118697139551552e-01 5.479385240663781076e-01
1.172869452305243670e-01 5.483303936144072743e-01
1.173265854165020244e-01 5.494748465813438232e-01
1.174948360024507532e-01 5.518403053038629658e-01
1.198439761441157242e-01 5.572550825475670599e-01
1.244393638739287739e-01 5.743568516094483822e-01
1.254045136958551743e-01 5.783469617524052975e-01
1.269759573148597775e-01 5.890584608125770671e-01
1.274650316716403609e-01 5.910315386588953501e-01
1.281890451359312677e-01 6.071313413097502165e-01
1.439214491472003143e-01 6.674126466924569234e-01
1.459738077484224184e-01 6.796046133791973087e-01
1.530982083295030494e-01 7.005400744626756326e-01
1.712099206428226994e-01 7.516898554309267011e-01
2.100191535179072311e-01 9.469148893265082467e-01
2.182125370887720017e-01 9.993865474867232868e-01
2.186838693988922278e-01 1.006117896345414930e+00
2.231266692908520366e-01 1.053697470838804939e+00
2.242322299246645168e-01 1.060171977171737945e+00
2.263516750984256032e-01 1.076009443311133351e+00
2.317280808634397948e-01 1.099361188959111946e+00
2.319072083202579349e-01 1.103609069139531496e+00
2.373705392037809281e-01 1.119794457271500177e+00
2.393105773265086500e-01 1.129238404102279825e+00
2.401204528448988296e-01 1.131799077751339588e+00
2.407729564418546742e-01 1.135328729866506237e+00
2.409521659412028616e-01 1.136135120404073939e+00
2.422204183340888328e-01 1.140016670504392815e+00
2.430586616436172243e-01 1.143295712448618495e+00
2.435450388970420155e-01 1.144881245750137833e+00
2.446920226467191317e-01 1.150217473649372213e+00
2.447473492683010232e-01 1.150790307421505343e+00
2.516380741530028775e-01 1.179985395900829959e+00
2.529796240915943573e-01 1.184593137071015878e+00
2.541165849275171529e-01 1.189847904261686518e+00
2.582898372920583996e-01 1.191736928898317283e+00
2.591038623079273684e-01 1.199350141145922866e+00
2.601455244054748928e-01 1.205034192406291949e+00
2.728436446598498932e-01 1.353906262322950971e+00
2.747980783259153514e-01 1.375046646567962938e+00
2.764572910148834772e-01 1.519880582457441953e+00
2.765465684967036708e-01 1.520249269095814260e+00
2.784880730563484841e-01 1.535394175989498011e+00
2.880472654314560343e-01 1.570128696830341841e+00
2.894613800476831256e-01 1.577574641911342335e+00
2.911029182744246935e-01 1.584685737803058991e+00
2.917067724210533619e-01 1.587225338961391730e+00
2.961161026503362770e-01 1.610513068512976709e+00
2.964322722753616191e-01 1.613616704916506883e+00
3.006790708263902268e-01 1.625756721699376683e+00
3.008363728219036748e-01 1.626968236386942435e+00
3.016952549928229033e-01 1.656419622640056932e+00
3.430930392974066434e-01 1.752091824013031651e+00
3.458020004052659857e-01 1.777384624197819285e+00
3.492973867043694391e-01 1.795096534433962443e+00
3.493697223272788088e-01 1.797803646502050823e+00
3.504737072103370488e-01 1.806078661235913208e+00
3.514155179345717084e-01 1.809153581306844227e+00
3.529246157395892203e-01 1.825079884682308640e+00
3.798641008066486746e-01 1.884401119201812635e+00
3.804154054014571851e-01 1.885652773729777465e+00
